0 0.0030126571655273438
0 0.003142118453979492
0 0.0037887096405029297
1 0.002108335494995117
1 0.003070831298828125
1 0.0030145645141601562
2 0.0029582977294921875
2 0.0029053688049316406
2 0.0029363632202148438
3 0.002126932144165039
3 0.002747058868408203
3 0.0019342899322509766
4 0.002995014190673828
4 0.0020682811737060547
4 0.002996206283569336
5 0.0029959678649902344
5 0.003015279769897461
5 0.0028083324432373047
6 0.0027654170989990234
6 0.002115011215209961
6 0.0035157203674316406
7 0.0027654170989990234
7 0.002172708511352539
7 0.0021953582763671875
8 0.003080129623413086
8 0.002930164337158203
8 0.0032432079315185547
9 0.003143787384033203
9 0.0037021636962890625
9 0.002511262893676758
total 0.031670331954956055
